Rezultate resnet50:
[0.01839776078404054, 0.00834858091452416, -0.002679723191599111, -0.008890633364579112, -0.009122380373008535, -0.010789395440858014, -0.009931761667595476, -0.013534602111601667, -0.01587816392094813, -0.013024152808171385]

Rezultate inception_v3:
[0.3769821069559955, 0.16811972646857376, 0.12908826265479992, 0.11215710495824656, 0.05191827277154532, 0.05183855955266913, 0.0440351850716757, 0.04092856027721321, 0.03509650351489932, 0.040697599398773474]

Rezultate vgg19:
[0.024385709920367166, -0.014544055429089351, -0.04377397459317763, -0.040508325387516156, -0.043800075450892664, -0.04632138245144002, -0.043093197111720945, -0.04737623877915396, -0.049550847012751184, -0.055658746123904194]


